 -3.00000000e+000 -2.99276491e+001
 -2.90000000e+000 -2.74305104e+001
 -2.80000000e+000 -2.47864946e+001
 -2.70000000e+000 -2.25097351e+001
 -2.60000000e+000 -2.00292205e+001
 -2.50000000e+000 -1.82924795e+001
 -2.40000000e+000 -1.62222833e+001
 -2.30000000e+000 -1.43200126e+001
 -2.20000000e+000 -1.30265798e+001
 -2.10000000e+000 -1.13191198e+001
 -2.00000000e+000 -1.01362375e+001
 -1.90000000e+000 -8.73625968e+000
 -1.80000000e+000 -7.73443114e+000
 -1.70000000e+000 -6.73801904e+000
 -1.60000000e+000 -5.89405617e+000
 -1.50000000e+000 -4.76043449e+000
 -1.40000000e+000 -4.19785931e+000
 -1.30000000e+000 -3.57385134e+000
 -1.20000000e+000 -2.78733801e+000
 -1.10000000e+000 -2.26003020e+000
 -1.00000000e+000 -2.10909201e+000
 -9.00000000e-001 -1.64177806e+000
 -8.00000000e-001 -1.49632442e+000
 -7.00000000e-001 -1.15602601e+000
 -6.00000000e-001 -9.80314964e-001
 -5.00000000e-001 -5.38967038e-001
 -4.00000000e-001 -5.09953087e-001
 -3.00000000e-001 -2.05459176e-001
 -2.00000000e-001 -2.72651587e-002
 -1.00000000e-001 -1.68106320e-001
 0.00000000e+000 -5.27260521e-002
 1.00000000e-001 6.38219293e-002
 2.00000000e-001 2.38962862e-001
 3.00000000e-001 2.14363262e-001
 4.00000000e-001 6.17041475e-001
 5.00000000e-001 7.26292227e-001
 6.00000000e-001 6.35457270e-001
 7.00000000e-001 9.14753903e-001
 8.00000000e-001 1.35307657e+000
 9.00000000e-001 1.72412881e+000
 1.00000000e+000 1.90810258e+000
 1.10000000e+000 2.61104677e+000
 1.20000000e+000 2.74566977e+000
 1.30000000e+000 3.59709895e+000
 1.40000000e+000 4.26972078e+000
 1.50000000e+000 4.79486365e+000
 1.60000000e+000 5.71411629e+000
 1.70000000e+000 6.78129178e+000
 1.80000000e+000 7.71315338e+000
 1.90000000e+000 8.95139594e+000
 2.00000000e+000 1.00950665e+001
 2.10000000e+000 1.15143294e+001
 2.20000000e+000 1.28643453e+001
 2.30000000e+000 1.45528322e+001
 2.40000000e+000 1.62958435e+001
 2.50000000e+000 1.80993897e+001
 2.60000000e+000 2.02130313e+001
 2.70000000e+000 2.22615098e+001
 2.80000000e+000 2.49385963e+001
 2.90000000e+000 2.73873062e+001
 3.00000000e+000 3.01904462e+001
